6.72064e-08
8.88983e-08
1.17874e-07
1.65094e-07
2.16214e-07
2.9104e-07
3.97003e-07
5.30033e-07
7.06154e-07
9.55447e-07
1.28439e-06
1.81582e-06
2.39147e-06
3.17212e-06
4.22271e-06
5.93541e-06
7.73801e-06
1.04906e-05
1.40817e-05
1.96151e-05
2.61171e-05
3.4594e-05
4.72358e-05
6.46339e-05
8.47064e-05
0.000126648
0.000165786
0.000227084
0.000318782
0.000415855
0.000571424
0.000823307
0.0010885
0.00144411
0.00205872
0.00276481
0.00381857
0.00514095
0.00772335
0.0100918
0.0146389
0.0197411
0.0279145
0.0375079
0.0502027
0.0724296
0.102262
0.132443
0.176613
0.26053
0.338614
0.446388
0.568706
0.676264
0.747995
0.844803
1.02233
1.0986
1.27893
1.44661
1.71222
1.97048
2.23161
2.30769
2.57436
2.99057
3.0
3.28978
3.83065
3.9
4.2872
4.97914
5.95488
6.75769
7.29519
8.83735
9.32317
12.3932
15.9771
16.7973
21.2551
22.2657
25.5613
28.1189
35.2117
42.0054
43.4588
53.8856
54.575
65.2062
76.7419
79.6238
95.7793
104.13
116.265
141.931
144.177
175.945
183.653
219.437
302.626
354.709
444.16
